100
50488 16796 77484
96159 63982 73572
28410 86430 1290
82091 42299 56399
19796 56463 53134
55601 86710 3411
3868 3976 5126
70150 92727 66048
16920 25523 87928
86836 35065 85716
42118 39966 8276
48997 79104 68101
21800 69765 59934
50469 20040 60972
94550 36917 89475
18673 44002 95494
20087 76756 83845
36986 71705 42723
24825 3366 66831
55439 40902 31169
66244 88525 68068
88336 22884 23816
71995 99291 84088
96023 74726 88856
8003 79202 8347
48983 96305 70323
18901 5452 76611
85754 86572 37205
12623 13085 67074
98718 43929 49665
94917 855 40478
31335 18225 37046
55270 69172 14143
90350 68029 35223
88309 87507 3548
84274 6206 70602
6798 56032 73180
67110 25934 56884
84288 41144 54497
47902 85589 78237
50376 25751 63594
82833 9189 84807
82398 63083 82607
69348 26377 47054
58802 28518 26585
91703 95495 28135
2972 87113 6757
27685 48538 81565
4622 89986 37375
90955 71327 13045
66145 17210 37597
74524 23305 7173
96392 90444 13994
35645 55940 76679
95251 61069 5586
89231 4911 82369
56496 91461 48894
25702 33239 47833
39413 14646 53917
8104 1780 62325
95269 89966 65379
47430 99789 30553
77166 46652 3422
37940 30767 60427
97725 60509 82326
97323 63401 53047
56279 29818 21251
75365 29858 44484
771 24093 46163
73365 6689 2221
69282 70401 42850
50485 42084 82769
98268 4776 52441
17642 36060 48313
28248 80778 42496
47788 71941 59762
6621 42368 33553
82973 74006 9602
56528 50813 59351
8476 31956 30769
27051 62253 26724
69328 92314 57665
88944 72931 14815
13683 8673 2794
94204 41036 17060
11253 58882 70556
60315 40783 62592
23625 31452 7965
3719 89438 57859
44269 21114 19610
72930 93904 17301
32962 14168 43721
69533 68092 63548
46451 86350 38127
24169 20676 45567
69641 67812 99357
65068 95974 8580
23173 44373 91453
26762 55193 48575
61655 4109 35123