99
732 6705
209 6591
3865 5975
5808 6997
4797 2689
6720 6479
3258 2059
8485 2007
8965 4860
1673 7409
4010 5125
271 6025
6121 1569
6081 2566
4730 973
780 3013
9914 3294
3671 6703
3881 2389
955 2635
5550 3384
8026 3964
8082 791
2748 9849
5976 5355
8171 4546
2288 4430
8196 5269
1608 7141
4839 2692
6689 2025
1919 4200
4124 5863
2530 1130
7823 9995
3600 1722
6991 4303
8429 8753
5073 6693
1566 1499
3707 798
3191 8045
3202 120
4887 2604
3279 41
4070 7054
5855 3382
2311 3917
6723 8197
8915 9321
6382 9949
4348 7783
4700 7099
7544 374
5849 7940
6914 9930
7914 2701
1992 6263
7195 1620
6933 3654
986 9848
7830 9751
318 3813
2571 7790
3995 6019
5990 7535
904 8600
8072 2258
2203 3114
1394 2477
3898 9372
6755 335
6072 4410
9302 1246
9496 9939
3666 2435
4373 9474
8099 6550
5366 8096
154 1971
5869 3358
2637 9377
7569 6769
2320 2678
1602 2354
5027 8060
6306 6189
5729 6473
8221 3277
4975 7791
7979 554
3335 9053
5418 9725
6782 2381
127 6641
295 9882
7173 6584
4829 3007
652 9245