1000
1
31
861
212
272
671
318
161
372
425
82
474
71
841
59
293
917
367
774
327
697
844
717
316
162
329
466
246
825
279
481
149
874
287
772
976
492
887
827
21
141
143
511
21
592
9
774
651
771
718
557
216
681
592
955
644
998
243
676
295
85
772
495
881
519
573
953
684
338
7
715
988
774
749
197
143
913
784
589
864
689
287
93
628
281
877
161
273
543
961
174
157
268
177
576
498
285
155
619
739
746
81
76
59
116
795
815
381
612
436
741
493
341
818
817
141
93
67
61
193
672
227
571
254
365
837
314
314
656
692
912
318
478
296
766
741
551
723
411
542
595
881
668
112
471
413
114
53
548
673
81
921
838
681
927
277
711
734
499
663
158
231
946
364
126
986
316
54
111
866
554
697
111
668
16
319
914
535
327
442
911
347
353
487
71
851
761
181
922
493
127
892
413
217
817
587
119
623
927
541
326
448
226
184
691
996
629
691
541
97
747
148
232
881
713
438
981
154
39
184
9
378
394
363
82
453
514
461
675
817
566
253
372
582
874
617
257
696
557
878
361
363
621
781
457
215
698
837
751
911
186
775
267
295
712
456
964
188
12
224
899
322
862
763
966
274
396
836
21
246
52
517
422
1
151
719
312
395
547
261
151
292
76
715
331
789
655
566
896
21
255
884
684
32
158
155
412
418
143
3
529
762
571
231
862
61
485
75
367
664
215
813
521
418
39
992
161
46
58
111
813
954
115
213
763
981
497
32
593
812
922
511
661
999
769
715
894
994
732
781
16
366
319
74
783
261
855
918
48
894
924
488
689
378
422
746
696
341
629
519
968
111
991
24
616
356
511
646
811
635
951
498
485
996
239
198
437
689
759
32
612
811
464
168
634
74
962
787
871
431
5
221
577
882
58
474
931
869
859
721
981
212
154
661
825
189
17
816
561
468
439
148
799
872
95
598
799
217
474
413
511
713
781
315
35
614
291
58
465
219
84
655
855
342
315
471
916
723
411
84
818
252
36
347
884
861
437
251
421
368
651
429
635
758
812
455
537
615
317
241
418
724
655
179
961
35
323
894
467
513
877
673
414
582
144
975
471
153
313
613
816
483
135
465
144
331
662
821
856
155
176
747
275
344
247
38
911
689
81
664
14
618
581
771
191
894
811
641
487
781
747
191
378
915
526
874
727
298
593
118
344
353
422
573
913
679
737
995
358
95
411
277
922
236
387
81
528
513
537
224
195
415
969
512
578
371
375
788
914
681
573
527
929
228
22
979
495
971
216
826
95
432
61
997
384
714
865
821
394
655
275
865
181
366
412
82
968
5
187
114
62
636
272
813
118
694
416
488
521
111
937
324
951
273
793
855
421
513
285
725
334
426
432
973
361
586
719
482
175
324
417
483
356
465
64
181
997
551
457
894
821
591
417
298
841
579
281
643
881
253
623
45
474
822
867
221
977
668
711
267
915
236
478
352
817
617
24
415
229
491
512
251
553
614
336
572
764
712
162
924
441
714
558
545
515
732
894
548
613
845
426
21
944
37
732
916
259
643
934
782
56
96
359
882
213
944
586
985
791
386
25
22
617
787
469
516
739
934
279
161
137
992
131
339
154
418
497
113
381
296
274
68
297
841
242
374
584
56
264
393
75
764
415
31
712
515
442
725
3
96
241
528
817
622
263
836
476
455
42
667
667
426
233
579
351
91
855
582
838
24
669
667
846
361
828
814
919
79
264
515
746
777
451
387
169
891
472
141
928
621
591
89
446
36
697
135
193
99
349
624
436
574
312
694
411
91
712
969
215
814
426
713
982
429
34
739
119
594
613
896
619
772
319
625
871
271
261
72
377
11
325
885
176
71
871
375
156
258
472
911
421
152
121
633
314
392
571
852
837
168
743
763
692
162
356
295
923
415
218
241
36
863
837
14
184
523
283
629
546
561
463
787
179
728
246
164
883
896
92
259
894
691
121
418
431
432
784
886
413
891
568
11
881
581
395
929
914
577
649
388
124
87
993
514
966
277
412
671
469
64
83
758
149
878
211
551
158
613
639
952
979
266
11
261
196
984
959
811
149
521
286
613
518
311
326
779
83
684
891
45
391
919
481
414
798
91
679
869
282
129
919
811
86
244
953
391
853
778
944
115
1
281
711
237
411
113
675
33
661
977
719
692
551
334
675
557
367
325
396
96
291
793
536
545
29
674
511
316
295
563
217
526
916
431
643
272
574
721
211
493
656
321
596
534
435
132
513
782
718
222
432
969
751
818
415
6
931
541
467
464