9000
1
31
861
212
272
671
318
161
372
425
82
474
71
841
59
293
917
367
774
327
697
844
717
316
162
329
466
246
825
279
481
149
874
287
772
976
492
887
827
21
141
143
511
21
592
9
774
651
771
718
557
216
681
592
955
644
998
243
676
295
85
772
495
881
519
573
953
684
338
7
715
988
774
749
197
143
913
784
589
864
689
287
93
628
281
877
161
273
543
961
174
157
268
177
576
498
285
155
619
739
746
81
76
59
116
795
815
381
612
436
741
493
341
818
817
141
93
67
61
193
672
227
571
254
365
837
314
314
656
692
912
318
478
296
766
741
551
723
411
542
595
881
668
112
471
413
114
53
548
673
81
921
838
681
927
277
711
734
499
663
158
231
946
364
126
986
316
54
111
866
554
697
111
668
16
319
914
535
327
442
911
347
353
487
71
851
761
181
922
493
127
892
413
217
817
587
119
623
927
541
326
448
226
184
691
996
629
691
541
97
747
148
232
881
713
438
981
154
39
184
9
378
394
363
82
453
514
461
675
817
566
253
372
582
874
617
257
696
557
878
361
363
621
781
457
215
698
837
751
911
186
775
267
295
712
456
964
188
12
224
899
322
862
763
966
274
396
836
21
246
52
517
422
1
151
719
312
395
547
261
151
292
76
715
331
789
655
566
896
21
255
884
684
32
158
155
412
418
143
3
529
762
571
231
862
61
485
75
367
664
215
813
521
418
39
992
161
46
58
111
813
954
115
213
763
981
497
32
593
812
922
511
661
999
769
715
894
994
732
781
16
366
319
74
783
261
855
918
48
894
924
488
689
378
422
746
696
341
629
519
968
111
991
24
616
356
511
646
811
635
951
498
485
996
239
198
437
689
759
32
612
811
464
168
634
74
962
787
871
431
5
221
577
882
58
474
931
869
859
721
981
212
154
661
825
189
17
816
561
468
439
148
799
872
95
598
799
217
474
413
511
713
781
315
35
614
291
58
465
219
84
655
855
342
315
471
916
723
411
84
818
252
36
347
884
861
437
251
421
368
651
429
635
758
812
455
537
615
317
241
418
724
655
179
961
35
323
894
467
513
877
673
414
582
144
975
471
153
313
613
816
483
135
465
144
331
662
821
856
155
176
747
275
344
247
38
911
689
81
664
14
618
581
771
191
894
811
641
487
781
747
191
378
915
526
874
727
298
593
118
344
353
422
573
913
679
737
995
358
95
411
277
922
236
387
81
528
513
537
224
195
415
969
512
578
371
375
788
914
681
573
527
929
228
22
979
495
971
216
826
95
432
61
997
384
714
865
821
394
655
275
865
181
366
412
82
968
5
187
114
62
636
272
813
118
694
416
488
521
111
937
324
951
273
793
855
421
513
285
725
334
426
432
973
361
586
719
482
175
324
417
483
356
465
64
181
997
551
457
894
821
591
417
298
841
579
281
643
881
253
623
45
474
822
867
221
977
668
711
267
915
236
478
352
817
617
24
415
229
491
512
251
553
614
336
572
764
712
162
924
441
714
558
545
515
732
894
548
613
845
426
21
944
37
732
916
259
643
934
782
56
96
359
882
213
944
586
985
791
386
25
22
617
787
469
516
739
934
279
161
137
992
131
339
154
418
497
113
381
296
274
68
297
841
242
374
584
56
264
393
75
764
415
31
712
515
442
725
3
96
241
528
817
622
263
836
476
455
42
667
667
426
233
579
351
91
855
582
838
24
669
667
846
361
828
814
919
79
264
515
746
777
451
387
169
891
472
141
928
621
591
89
446
36
697
135
193
99
349
624
436
574
312
694
411
91
712
969
215
814
426
713
982
429
34
739
119
594
613
896
619
772
319
625
871
271
261
72
377
11
325
885
176
71
871
375
156
258
472
911
421
152
121
633
314
392
571
852
837
168
743
763
692
162
356
295
923
415
218
241
36
863
837
14
184
523
283
629
546
561
463
787
179
728
246
164
883
896
92
259
894
691
121
418
431
432
784
886
413
891
568
11
881
581
395
929
914
577
649
388
124
87
993
514
966
277
412
671
469
64
83
758
149
878
211
551
158
613
639
952
979
266
11
261
196
984
959
811
149
521
286
613
518
311
326
779
83
684
891
45
391
919
481
414
798
91
679
869
282
129
919
811
86
244
953
391
853
778
944
115
1
281
711
237
411
113
675
33
661
977
719
692
551
334
675
557
367
325
396
96
291
793
536
545
29
674
511
316
295
563
217
526
916
431
643
272
574
721
211
493
656
321
596
534
435
132
513
782
718
222
432
969
751
818
415
6
931
541
467
464
543
827
99
51
633
176
9
713
886
814
52
141
858
25
934
7
114
988
289
951
1
61
65
242
314
771
394
818
742
974
363
782
211
951
364
926
277
371
935
541
269
422
275
722
879
536
851
65
211
477
756
191
758
764
773
684
674
663
274
331
241
242
418
729
445
213
239
659
261
513
751
815
733
976
917
754
163
443
161
177
939
65
115
892
813
891
238
81
662
864
811
723
34
752
522
283
34
746
413
25
336
717
992
566
369
296
931
515
981
476
389
327
118
118
24
714
334
645
346
232
144
139
719
894
556
56
328
935
313
632
991
67
582
753
394
853
343
596
276
48
431
514
761
14
112
853
593
582
813
869
183
955
78
645
631
524
71
842
153
693
166
812
588
89
417
56
897
751
912
476
833
165
439
538
212
255
873
438
384
683
73
45
43
81
498
931
191
54
671
943
26
81
113
89
233
665
545
668
643
349
368
931
442
442
764
731
346
581
931
891
414
474
262
297
419
458
517
931
953
694
272
331
681
135
216
218
421
631
61
283
981
752
143
343
895
221
986
371
526
36
395
129
151
674
861
391
9
949
325
979
439
418
624
114
551
414
121
811
94
92
347
237
455
82
717
488
941
617
519
893
779
185
953
964
517
269
671
731
714
433
191
793
123
967
313
551
778
985
54
344
654
416
123
515
821
475
619
529
275
475
611
871
847
116
869
95
889
512
831
362
637
814
463
482
429
845
711
29
213
435
821
242
951
239
437
714
35
83
514
23
553
463
299
17
172
392
987
113
95
921
799
972
86
972
566
548
737
326
81
86
372
865
811
782
291
461
666
89
253
74
116
916
381
976
511
186
913
152
727
511
415
276
371
888
571
863
2
883
381
444
472
397
533
893
956
139
432
245
514
558
839
631
189
544
316
183
961
373
888
12
89
626
586
629
659
76
815
418
354
768
643
4
773
775
637
651
825
381
585
25
13
649
356
954
631
635
872
19
198
713
681
111
651
755
794
293
115
146
714
594
281
876
764
573
699
178
339
787
524
466
415
499
524
541
574
258
383
317
513
186
615
483
538
116
567
41
681
849
511
346
389
364
521
271
936
486
795
711
998
465
749
243
41
628
737
53
462
772
471
69
659
151
391
111
419
168
573
524
341
141
951
566
181
715
888
415
314
841
434
583
673
365
771
451
29
642
668
644
195
743
998
819
679
143
589
122
986
986
981
143
322
281
865
336
616
652
278
125
964
514
816
211
129
682
441
718
416
33
662
416
151
432
149
849
899
164
67
245
614
762
678
721
622
644
13
826
393
194
662
666
971
115
971
71
833
127
189
566
651
562
392
119
919
116
185
838
597
976
517
311
343
214
134
974
697
876
482
849
474
376
91
652
324
41
752
855
955
926
22
416
689
254
861
116
253
89
445
857
3
119
459
295
973
577
396
518
452
882
688
855
985
248
693
111
984
474
848
352
369
822
525
541
917
411
396
427
171
659
347
369
311
856
243
321
971
611
88
821
248
838
373
939
264
877
674
421
861
332
771
512
651
72
862
159
141
556
656
737
852
149
384
225
629
278
45
646
514
551
411
298
897
182
611
832
851
345
318
416
819
317
861
386
82
449
774
347
677
545
626
339
688
911
133
669
77
212
871
675
484
218
148
221
665
619
799
911
492
751
989
248
673
859
287
226
643
242
581
76
262
455
621
176
277
268
243
335
687
219
555
948
464
871
656
755
272
121
667
185
134
214
128
525
195
212
48
384
21
256
181
212
91
637
283
835
416
622
445
247
457
687
757
147
742
348
872
962
889
921
271
315
928
836
252
216
117
356
971
362
614
811
49
519
819
713
581
541
119
349
547
819
336
728
967
96
311
971
312
791
142
524
994
594
227
791
961
651
85
47
715
814
485
743
241
612
522
566
813
158
561
853
435
857
227
231
514
759
861
581
69
83
111
696
549
958
591
229
926
613
758
816
736
495
459
414
386
58
783
347
617
195
181
551
74
558
985
849
512
241
789
539
814
571
323
471
976
986
775
325
913
231
719
921
372
358
25
659
698
272
612
471
916
799
578
874
515
517
419
4
967
783
198
719
795
873
768
145
643
894
746
271
724
38
474
443
751
459
384
893
963
573
438
621
23
757
571
274
849
684
293
881
669
775
889
512
842
515
881
286
249
541
671
273
297
957
541
192
841
5
441
3
549
168
217
741
538
498
175
215
315
455
321
429
251
742
369
824
359
869
554
723
816
425
916
554
611
311
352
751
434
341
812
414
399
156
276
47
412
92
612
178
149
579
169
366
168
351
847
77
331
258
131
551
698
686
57
353
731
774
311
469
154
954
781
24
38
525
465
17
881
247
316
657
736
216
462
175
719
418
236
218
318
858
418
129
577
115
868
922
811
471
737
461
451
474
391
319
565
156
51
394
567
316
885
166
511
876
773
113
987
862
151
669
461
744
637
87
461
112
328
532
42
877
961
619
613
667
346
221
661
818
755
188
388
288
179
231
951
518
631
164
947
813
911
431
479
881
521
317
687
738
621
468
756
868
227
559
718
444
71
234
581
174
763
674
592
795
221
394
679
455
513
136
357
459
537
976
667
124
216
976
921
716
128
31
321
711
743
722
731
853
687
342
162
774
715
394
761
111
248
214
351
398
857
566
819
211
755
315
911
223
332
489
157
378
441
534
193
61
669
277
414
85
21
52
816
61
668
153
811
147
711
266
712
449
51
763
757
538
993
933
631
813
933
544
716
718
349
313
916
966
119
166
328
472
612
388
537
368
191
24
947
457
221
141
586
112
431
813
429
122
382
892
889
423
533
97
248
329
849
713
73
867
159
98
924
483
664
888
892
918
267
345
765
236
655
441
875
239
291
527
917
746
757
728
285
472
113
367
731
516
137
99
385
592
819
549
438
733
142
617
31
825
343
718
146
318
53
787
559
136
881
545
133
341
654
513
4
271
65
842
471
144
613
848
611
359
43
757
946
973
675
114
678
95
315
14
319
179
666
818
696
458
397
227
816
981
315
796
811
16
293
273
111
788
883
356
598
781
787
729
352
97
615
497
138
622
537
366
813
936
951
186
421
259
993
713
534
879
683
711
51
812
116
678
584
626
752
32
271
855
919
236
388
139
979
356
294
192
814
175
515
343
563
558
949
987
776
917
683
391
415
825
644
618
317
339
212
484
232
312
634
975
273
816
612
274
543
819
615
483
413
117
619
811
368
617
572
477
813
478
486
9
831
294
89
316
129
816
612
831
534
617
767
923
633
769
415
817
751
487
111
61
16
94
678
344
429
63
662
958
88
863
997
371
14
751
465
659
241
893
711
773
76
414
831
872
739
166
11
224
755
541
425
384
818
331
542
653
14
611
665
46
594
261
96
253
711
348
425
321
792
679
783
61
478
166
62
385
282
841
445
91
415
632
746
811
425
283
399
47
594
991
111
752
241
641
491
571
381
759
216
835
379
511
451
82
561
381
778
415
917
391
589
157
291
941
845
551
919
678
768
485
843
948
611
474
911
734
716
384
184
171
618
635
48
998
638
868
352
552
371
317
212
181
145
297
646
164
74
764
794
519
493
569
639
244
821
3
395
37
139
888
991
288
51
46
299
19
611
91
79
199
314
798
749
344
641
532
449
511
361
459
55
37
748
539
61
657
531
517
515
816
952
424
364
327
473
285
85
716
928
61
174
858
157
11
21
776
431
19
371
717
212
549
125
786
33
276
395
981
571
591
961
98
175
471
581
23
432
458
814
496
535
728
274
78
528
465
486
138
715
61
781
996
714
835
885
548
178
314
125
21
856
183
444
679
657
646
613
626
51
561
345
35
665
687
215
426
134
66
554
859
472
93
761
135
531
9
671
379
341
785
943
613
385
647
594
118
77
712
141
911
31
482
991
271
889
172
39
484
761
111
591
131
575
711
86
398
912
653
274
611
8
523
741
567
229
727
1
743
937
571
542
131
655
1
518
417
118
55
991
849
267
291
919
912
684
612
242
573
651
242
936
811
992
962
615
768
541
556
216
644
574
264
914
119
782
782
145
916
549
852
518
135
597
681
782
929
294
663
414
965
171
139
352
834
435
186
864
77
549
657
719
681
146
974
14
151
847
389
544
534
768
717
271
971
768
753
432
671
733
884
491
394
441
611
672
819
818
922
991
381
564
947
957
472
646
23
362
83
866
271
841
262
651
446
114
1
878
368
35
392
153
418
65
197
14
771
497
139
918
535
711
582
971
731
353
411
889
876
142
249
433
768
614
368
416
476
74
883
112
775
721
116
537
521
431
223
22
684
883
445
863
32
913
597
231
713
254
648
522
136
251
519
718
112
895
385
578
884
441
295
693
616
571
628
694
646
588
841
177
269
337
654
125
61
718
361
891
953
967
115
19
549
288
237
471
425
169
112
34
387
669
928
983
924
619
482
263
349
238
933
766
343
821
946
479
919
431
821
569
956
757
466
682
1
557
324
18
718
373
613
971
343
423
489
381
122
858
996
711
336
784
898
655
613
748
769
34
515
591
944
965
581
836
184
642
516
63
176
267
896
898
217
911
752
574
711
374
21
227
254
328
454
335
649
291
679
988
836
231
418
917
719
854
87
375
475
856
263
518
715
711
753
588
522
711
253
194
311
529
827
622
114
241
689
711
616
693
28
861
124
834
858
314
113
92
123
494
321
111
549
331
378
381
972
742
387
548
126
558
41
491
134
891
163
399
171
398
744
466
42
139
879
941
676
911
166
612
729
268
468
23
823
621
118
946
128
118
939
934
292
145
695
978
927
832
811
581
164
641
495
787
989
51
619
972
362
56
897
424
335
724
433
32
672
214
414
617
689
891
572
716
313
639
44
793
583
214
193
392
81
351
843
414
32
275
91
682
49
275
347
619
763
844
493
412
826
614
219
189
8
748
943
29
391
923
891
815
867
712
223
269
471
152
282
681
222
947
363
148
518
313
576
363
224
561
694
259
155
44
65
37
335
787
975
396
366
85
52
999
937
17
578
475
24
371
821
513
511
651
734
778
153
79
658
912
321
763
845
512
671
453
956
112
816
572
859
631
724
418
358
381
341
732
711
111
571
35
978
371
712
427
775
318
37
749
681
561
47
289
523
896
523
463
423
946
449
119
49
879
588
416
657
71
15
424
811
65
83
879
798
354
549
768
325
812
854
656
753
738
785
934
71
24
4
417
514
647
184
897
265
622
723
777
812
263
291
613
852
116
673
339
832
111
655
619
486
652
939
351
993
916
311
443
593
298
547
323
791
913
819
828
495
665
534
411
712
223
888
773
595
829
593
553
151
838
526
381
628
578
268
585
538
652
786
516
964
957
724
952
331
977
56
287
989
142
67
391
222
311
915
329
536
618
237
364
342
367
557
912
385
628
457
315
541
582
771
816
822
71
251
738
728
714
483
114
265
515
8
56
281
919
873
661
945
684
139
317
514
73
33
491
657
178
763
698
168
421
217
918
572
531
978
826
92
535
584
559
117
575
683
915
814
582
654
111
861
117
973
661
257
914
132
912
611
933
82
97
614
961
434
412
384
65
913
68
47
438
729
388
562
441
62
651
734
872
541
933
83
796
555
345
731
431
921
351
678
926
953
77
49
72
179
811
192
224
162
16
734
2
182
777
946
556
752
211
28
447
215
398
182
437
841
27
576
738
357
498
555
517
555
414
715
713
561
547
697
388
31
927
819
382
95
369
838
711
1
715
657
46
711
687
492
583
928
63
956
531
291
464
215
395
716
51
835
881
85
71
367
766
926
761
444
312
513
258
84
973
711
454
611
485
511
945
112
618
52
514
549
82
457
818
856
577
866
191
654
719
654
743
434
395
414
177
327
114
371
991
795
817
378
986
891
656
451
271
916
712
591
145
552
243
491
584
3
418
137
212
433
372
556
889
896
138
165
544
659
648
491
566
348
961
217
28
518
533
767
712
517
924
64
422
675
442
918
241
414
561
258
664
449
131
472
786
515
688
47
931
161
411
591
439
385
521
998
512
528
165
83
277
319
111
131
516
144
687
123
714
85
39
612
361
996
325
473
664
822
567
28
116
64
441
276
517
815
913
212
575
971
681
416
922
476
925
589
311
712
564
436
391
338
169
222
281
383
371
21
719
112
124
231
548
121
361
45
158
811
852
913
553
913
288
174
556
934
913
381
351
616
235
39
116
718
611
749
611
932
765
969
56
443
535
912
434
597
375
284
176
812
438
864
989
436
268
154
45
377
415
585
947
629
442
15
149
48
348
497
744
984
81
559
796
644
816
477
644
272
262
272
837
523
61
428
627
637
987
544
214
264
571
425
73
61
515
338
263
415
696
412
278
894
968
426
973
315
769
465
764
443
381
178
859
916
451
621
414
631
883
924
814
819
414
263
415
716
322
872
643
173
296
77
12
33
159
593
582
783
88
561
81
923
671
61
415
225
661
96
512
544
476
263
567
33
735
612
361
885
369
372
939
941
118
719
948
788
461
475
574
212
251
584
584
41
644
869
131
954
76
151
243
522
364
921
169
661
216
83
2
432
699
482
251
614
461
212
291
561
759
878
851
451
576
511
969
637
395
446
85
869
411
721
196
725
221
649
241
223
328
493
135
711
945
741
135
311
952
35
451
771
19
998
271
181
219
415
631
74
595
523
818
4
711
384
121
329
811
589
364
9
381
755
258
555
317
571
611
479
543
363
37
848
282
422
638
815
123
573
672
225
493
721
286
657
319
357
981
525
934
273
74
69
514
936
573
381
614
294
116
789
518
976
866
245
669
128
718
538
122
358
893
481
917
551
955
393
961
498
941
519
531
623
859
223
693
239
984
75
173
115
568
189
489
312
955
424
379
482
225
311
835
298
812
748
273
418
718
41
651
317
371
535
579
953
162
55
711
13
99
52
967
133
353
891
392
411
526
867
689
245
828
819
721
59
617
448
543
615
888
698
741
922
843
811
145
967
377
912
192
745
228
241
511
338
283
373
497
9
3
69
952
565
148
576
66
449
221
518
291
328
292
723
914
125
136
599
371
759
852
912
586
62
387
87
913
619
631
381
396
451
12
543
613
982
759
819
985
416
261
411
655
631
171
745
178
335
226
171
481
815
888
934
171
732
292
551
825
716
124
922
15
727
384
814
152
427
191
563
421
49
42
96
354
491
228
656
871
615
295
819
773
11
741
625
55
665
363
119
533
321
941
272
614
467
154
427
189
221
921
586
142
577
589
58
686
761
621
613
657
666
731
816
627
612
615
397
173
911
724
754
862
976
717
973
742
945
557
939
381
75
387
432
751
369
626
295
522
191
958
41
531
831
118
518
499
276
674
427
286
661
211
994
226
122
537
831
338
74
34
925
473
92
973
413
674
938
582
324
318
417
312
628
814
92
251
217
923
51
29
659
988
242
324
851
616
92
941
918
627
416
227
974
289
766
21
615
165
933
587
175
112
969
171
331
155
75
122
289
512
375
749
811
696
129
326
864
613
111
922
571
172
137
982
692
731
979
824
848
319
147
476
396
484
264
531
367
534
43
931
89
958
78
852
329
659
934
142
89
333
291
925
395
867
111
349
699
778
7
627
751
16
512
786
48
651
612
817
226
255
912
75
994
28
378
313
482
951
419
413
95
534
638
848
258
931
773
581
633
488
514
632
686
26
111
758
711
367
213
873
658
953
198
162
411
571
886
56
265
478
448
479
968
518
47
45
295
911
269
131
145
999
555
991
792
918
129
336
476
976
158
57
681
591
117
997
717
519
613
962
451
969
84
386
311
138
315
319
916
683
348
659
914
524
577
818
974
56
949
166
954
399
428
142
578
458
485
591
371
848
921
862
576
986
493
883
237
885
87
931
757
455
414
27
592
354
416
143
911
695
57
599
269
136
896
362
897
173
771
155
811
669
621
543
943
917
991
421
382
787
962
587
781
757
478
299
911
862
311
11
6
877
88
687
63
263
323
415
453
683
83
119
465
132
875
742
621
977
31
155
894
461
386
457
171
451
247
744
571
495
848
371
494
483
818
188
491
438
363
412
326
263
171
69
836
473
248
152
442
211
211
942
437
111
719
156
394
723
31
833
316
781
67
147
329
221
164
559
225
892
561
977
862
515
421
861
412
9
694
418
6
492
268
344
191
479
169
755
176
93
787
239
861
322
357
218
245
625
184
964
451
439
348
148
671
371
866
517
667
134
557
137
679
519
81
625
848
948
897
778
512
416
121
841
997
814
518
379
741
63
76
268
875
468
52
424
631
89
177
239
151
321
572
861
592
822
668
751
622
436
913
212
662
833
268
717
492
987
711
438
76
727
178
41
713
947
888
759
883
257
664
488
387
116
866
93
641
758
187
393
239
451
128
457
151
877
113
153
139
711
515
115
282
637
971
551
711
424
963
561
837
791
281
889
928
152
954
292
486
511
939
924
941
75
342
425
769
368
179
634
746
891
884
95
155
642
73
778
86
21
272
687
165
934
617
279
338
133
744
868
557
94
363
422
484
976
251
444
573
462
627
851
137
525
191
15
254
421
246
397
637
442
715
452
817
257
919
712
211
844
533
185
46
349
41
665
143
393
433
313
886
645
262
697
152
686
166
464
915
475
391
791
633
967
38
621
969
661
29
411
113
149
11
559
913
945
695
136
717
147
365
244
295
732
527
267
646
525
945
986
211
142
549
43
872
455
941
414
121
372
492
823
688
987
254
261
882
379
185
22
481
635
411
963
653
864
518
861
491
273
52
78
997
581
914
941
665
343
974
512
996
949
453
621
555
377
734
511
443
977
516
211
282
833
824
619
81
512
931
981
572
237
412
189
917
783
778
975
842
646
586
12
611
273
718
646
358
417
311
489
851
893
831
295
451
295
751
783
961
473
159
332
792
813
311
722
351
565
635
339
744
956
118
521
211
558
694
956
756
282
235
322
129
118
412
571
834
154
227
541
943
873
212
823
69
436
443
33
451
572
79
931
233
446
811
62
327
345
487
813
427
225
149
93
62
433
686
35
812
119
179
391
946
169
716
567
337
678
916
431
136
279
856
351
682
865
758
118
782
511
815
678
61
578
83
838
214
515
218
391
236
479
425
295
149
141
959
877
544
149
199
176
95
989
851
899
982
541
1
628
627
223
6
218
363
749
461
546
873
791
714
41
534
112
671
666
1
911
889
271
655
549
158
486
777
831
89
584
539
377
432
983
194
36
89
313
59
227
97
157
153
584
19
94
612
431
518
372
213
887
66
471
651
653
52
528
398
763
741
115
275
861
846
27
78
794
694
6
885
578
194
567
893
8
122
362
897
488
453
735
764
867
711
411
527
318
531
424
942
572
118
915
627
51
928
58
139
676
111
611
595
445
346
624
719
12
151
358
336
876
856
527
898
935
642
188
295
474
634
248
156
873
644
68
549
587
252
824
515
193
231
568
959
551
539
129
981
377
372
299
389
774
999
975
126
516
381
162
983
135
792
29
553
119
935
423
519
691
285
531
568
181
645
591
762
695
149
836
855
718
196
116
32
938
41
761
221
359
51
858
633
389
827
746
413
551
711
493
491
155
381
835
987
816
544
551
815
756
943
453
243
441
172
412
759
714
35
16
225
545
422
12
313
413
951
334
781
295
842
513
995
357
791
844
685
561
773
538
913
691
77
641
824
836
991
513
575
985
923
327
445
481
911
563
68
423
763
681
466
272
338
381
36
247
647
123
851
268
813
845
889
533
99
12
39
989
484
471
6
273
538
734
452
913
565
655
18
772
261
625
46
236
351
755
146
356
981
688
941
77
789
964
619
396
947
133
111
816
622
4
89
638
613
729
85
875
84
633
257
852
824
961
861
771
173
964
372
794
711
6
673
466
466
595
929
471
951
526
978
65
517
553
379
727
732
258
446
789
811
47
917
144
229
434
21
285
236
43
275
247
647
2
36
241
248
637
725
25
831
662
416
313
422
254
946
766
431
721
915
364
692
651
115
215
641
745
394
22
112
734
934
981
488
49
282
535
182
195
893
417
695
968
918
962
731
951
377
561
94
966
97
651
371
396
2
671
614
547
623
47
517
479
943
836
826
976
926
812
953
576
342
41
45
822
755
244
976
187
772
491
7
312
922
22
97
444
766
256
96
444
111
258
315
426
411
237
141
66
753
862
889
289
999
431
774
559
966
221
835
213
749
518
348
485
545
185
767
157
582
753
423
997
26
377
469
424
962
182
815
53
811
812
958
47
814
159
162
462
352
777
121
979
441
181
183
728
398
171
918
98
647
32
321
716
316
957
147
28
737
248
82
124
415
81
767
769
715
883
882
771
482
632
791
141
495
595
471
694
178
341
729
35
177
42
911
68
651
379
613
492
392
591
124
921
144
471
566
572
713
342
998
676
689
328
939
54
75
457
59
512
849
384
19
941
412
811
699
471
526
851
286
777
99
946
975
538
844
78
244
779
758
351
964
325
74
239
816
781
862
38
687
721
637
318
249
988
569
441
585
295
167
417
723
544
546
622
569
521
626
331
331
917
883
814
625
813
511
565
768
86
51
189
985
376
39
486
518
554
937
115
861
867
569
915
621
161
935
512
732
873
868
989
998
713
96
673
215
193
611
335
343
436
351
341
473
943
812
563
567
221
786
97
213
463
496
67
819
693
985
83
179
45
211
141
57
111
434
9
361
469
769
415
191
2
991
498
563
353
983
549
779
771
418
725
687
314
478
383
297
915
931
381
517
944
563
211
959
215
948
939
79
597
169
461
111
656
711
248
555
988
842
775
176
189
111
416
772
614
819
212
175
311
521
29
243
931
99
912
798
394
712
671
775
491
727
14
43
975
769
753
642
686
945
897
421
668
218
665
311
471
551
731
714
31
21
232
743
818
258
347
316
178
781
488
249
9
138
417
69
239
939
755
917
735
116
911
816
611
71
47
547
4
527
947
314
981
214
771
297
871
744
915
857
312
278
753
688
973
861
819
411
431
511
575
323
878
441
112
318
581
24
212
114
247
331
691
517
741
395
2
73
819
528
315
466
745
311
918
671
151
118
218
428
235
286
119
755
311
275
141
479
419
449
892
37
196
321
626
7
594
377
863
131
815
846
632
788
626
5
471
167
265
911
458
626
43
587
833
957
682
235
988
557
88
731
893
729
811
617
242
616
535
488
871
421
483
211
241
118
311
517
38
538
993
965
184
648
945
251
812
575
93
218
942
416
823
274
112
997
964
111
855
277
254
572
116
782
923
361
852
394
354
976
286
533
963
832
877
277
737
625
648
145
111
342
628
534
22
494
483
37
543
454
612
126
151
987
271
948
656
355
519
192
517
588
967
295
757
788
848
438
918
581
581
93
711
54
2
88
297
826
79
435
344
68
487
397
322
619
586
539
666
486
577
731
764
533
914
355
912
887
234
197
688
498
391
737
387
25
346
856
462
719
9
169
131
137
282
476
573
828
887
68
392
316
755
866
261
21
34
637
916
946
2
759
953
276
441
284
42
214
271
266
537
637
474
617
619
614
627
891
411
551
581
939
725
676
67
99
374
271
317
453
211
551
945
471
321
329
679
833
45
811
715
388
741
61
748
518
475
213
981
314
43
197
651
445
8
662
867
569
681
522
828
517
191
47
687
821
112
586
627
373
214
296
946
932
499
485
188
21
322
419
631
526
382
717
657
771
39
634
834
55
954
31
711
895
215
554
678
435
311
493
386
784
826
433
558
247
439
424
226
686
735
478
689
515
45
532
743
991
69
219
978
979
174
62
188
111
554
951
197
82
663
9
634
837
615
221
474
326
391
412
373
433
241
414
111
331
349
641
625
72
811
311
636
412
522
914
559
1
491
882
349
672
581
613
629
192
733
936
947
799
388
964
218
583
318
976
634
229
317
518
598
871
389
65
475
25
383
856
212
861
226
762
71
255
186
295
217
411
843
119
556
941
667
668
431
849
414
741
891
573
673
164
539
132
447
918
486
192
346
236
574
339
917
768
126
19
317
564
781
915
21
575
218
661
667
87
752
333
885
5
297
873
847
93
899
494
35
528
993
886
212
374
211
483
678
843
114
297
472
443
341
39
815
378
138
515
33
812
11
528
111
848
118
778
968
337
719
487
671
879
645
731
945
618
722
731
577
696
425
561
914
471
458
26
191
865
911
697
619
448
115
317
344
111
417
83
871
443
578
527
322
183
419
991
773
332
811
912
634
811
336
421
569
711
281
979
621
639
421
42
446
616
15
975
863
399
116
718
94
472
692
926
412
926
622
571
87
894
214
245
821
398
913
631
77
715
534
914
995
569
882
26
795
952
811
167
856
87
944
757
878
3
817
882
816
859
888
18
491
699
811
341
64
493
61
84
778
568
523
696
665
791
848
763
112
119
597
948
475
313
489
415
165
131
295
487
861
1
179
517
792
156
516
199
243
857
518
814
721
892
128
141
438
714
193
12
55
754
618
765
828
982
136
44
614
462
49
722
331
633
786
896
1
692
332
214
191
29
817
997
649
794
811
914
569
974
122
169
486
572
156
453
972
762
111
141
543
123
577
458
459
315
327
622
327
747
341
165
691
319
376
947
18
916
619
585
772
532
168
273
471
261
582
241
921
91
464
341
36
755
957
459
934
831
748
814
191
779
712
226
483
766
411
121
981
377
141
611
211
577
191
1
276
534
344
747
637
167
77
418
841
513
844
378
895
291
325
191
212
259
653
961
261
235
935
115
396
871
599
341
511
571
379
673
373
125
969
981
42
959
657
292
413
69
473
758
939
31
661
171
211
677
511
322
666
314
851
665
824
567
757
11
715
241
251
251
436
777
62
338
5
198
741
21
919
611
655
33
111
661
686
774
214
536
666
655
299
369
851
651
529
161
966
754
376
582
651
331
343
254
316
611
352
383
694
799
221
841
781
531
912
59
659
673
451
356
595
695
711
531
462
89
478
863
156
589
462
853
751
157
174
331
462
981
859
777
719
968
891
977
816
464
296
367
169
178
352
671
844
568
414
695
41
141
342
411
832
428
412
581
54
611
212
812
369
18
259
418
815
7
198
755
311
941
669
994
129
242
554
31
44
791
837
524
774
114
493
13
81
73
79
556
389
214
944
476
945
683
235
73
833
536
119
425
386
956
891
612
785
456
895
4
911
269
421
446
673
419
9
461
566
214
831
834
914
129
61
175
185
331
424
331
471
315
331
751
747
411
275
162
717
55
416
172
199
312
518
653
579
668
669
17
529
436
445
738
115
161
453
741
162
713
416
519
221
245
215
15
673
49
587
847
796
912
362
131
811
577
447
115
163
572
956
471
789
211
165
855
814
753
221
28
29
933
754
698
417
369
857
14
22
573
46
141
278
542
181
495
646
174
476
526
921
993
55
124
743
915
686
38
125
991
658
918
16
545
936
755
223
869
42
59
233
531
323
776
711
111
521
893
756
562
829
416
178
933
856
799
371
771
158
417
547
599
271
267
429
455
411
313
627
67
263
981
319
373
546
756
978
381
238
969
226
612
681
1
89
537
951
832
221
955
182
347
869
943
764
7
656
968
579
731
447
429
712
119
874
441
291
348
292
822
389
384
232
543
163
333
636
88
635
73
429
493
813
517
216
31
45
46
161
781
811
194
329
557
287
336
71
963
591
86
193
511
235
812
27
29
356
187
628
12
917
891
715
312
561
814
44
511
227
317
484
978
381
611
747
198
588
5
655
63
931
768
551
133
238
945
942
91
296
118
713
872
468
167
338
229
383
418
135
668
623
771
249
39
583
665
2
236
917
18
957
755
247
459
558
79
64
491
387
149
971
442
328
376
723
299
192
952
697
798
599
433
753
371
153
831
624
811
226
698
281
781
882
941
932
487
744
337
583
171
851
21
325
244
796
371
779
213
715
79
371
656
876
375
336
96
973
614
671
263
377
751
389
214
914
412
831
451
961
546
868
723
896
918
251
374
231
841
448
317
927
99
722
971
732
713
298
945
563
36
843
5
241
713
653
756
114
857
237
218
386
987
195
913
171
415
596
447
583
916
244
556
431
393
528
984
263
268
766
928
857
137
218
785
431
1
191
359
122
849
914
887
533
581
42
478
393
499
163
842
631
864
383
412
415
231
13
219
891
561
69
73
865
347
822
115
393
234
818
493
158
853
34
881
237
886
92
234
366
563
716
718
981
95
786
851
617
773
859
418
369
713
742
422
678
489
637
275
395
131
59
141
15
227
285
848
664
119
229
972
966
366
933
955
67
158
77
364
371
71
198
654
775
497
522
34
462
773
596
319
539
563
138
813
71
217
765
711
318
91
542
517
151
64
512
261
155
743
582
961
611
68
617
222
517
327
347
982
462
813
587
29
749
541
982
495
275
961
38
659
989
312
322
673
954
215
31
69
333
682
331
162
819
596
154
695
331
255
361
358
3
571
449
11
782
215
224
748
161
485
121
148
858
911
63
316
491
727
81
591
523
945
55
9
65
381
313
911
281
975
911
265
487
461
975
594
222
877
197
618
835
711
479
898
393
619
464
299
947
959
177
795
471
645
192
55
996
32
11
973
758
824
545
825
392
246
914
888
479
959
939
639
986
448
39
895
399
872
425
512
596
621
789
427
753
35
881
371
839
58
673
251
483
775
15
175
277
93
963
765
793
36
191
917
877
394
173
391
11
717
51
818
783
823
344
991
772
518
963
541
397
853
143
376
514
446
278
467
778
556
776
864
232
821
396
37
353
141
712
914
692
819
646
158
933
65
222
757
761
599
983
669
52
714
727
252
198
92
491
868
611
583
958
589
691
167
711
118
834
171
937
216
231
515
723
448
551
241
755
764
779
981
192
371
765
787
182
44
268
612
17
563
564
518
69
119
896
71
956
755
321
854
581
377
747
764
995
628
216
631
229
813
715
471
538
779
75
168
719
184
748
542
419
749
512
61
621
361
398
666
714
118
389
454
834
711
686
193
377
656
589
917
881
473
284
24
679
542
97
817
4
367
997
63
467
643
411
359
78
44
576
231
232
854
195
125
336
766
825
41
989
514
417
134
914
78
31
736
971
824
527
551
153
558
716
992
131
473
259
911
859
627
641
182
469
133
474
919
181
421
264
198
155
161
487
765
443
727
328
846
474
314
638
141
737
985
891
791
585
487
191
615
336
341
627
76
87
644
535
741
916
774
436
194
398
629
721
646
595
286
375
731
954
178
281
213
781
141
896
558
217
946
377
762
833
183
411
611
452
591
271
447
543
214
111
211
451
928
83
11
412
385
213
917
877
157
882
261
759
787
396
36
577
127
82
33
628
918
652
626
632
689
148
741
513
353
342
27
241
95
622
487
899
421
667
37
414
466
453
725
614
947
392
616
479
323
644
498
952
75
915
111
411
175
214
231
735
128
579
127
916
178
467
89
12
553
452
918
438
848
576
896
699
912
212
291
899
842
479
621
988
948
517
156
231
799
92
413
567
714
554
593
785
245
824
225
662
712
71
492
525
561
415
967
879
241
515
753
27
8
85
251
874
598
635
51
311
825
985
675
823
521
338
158
417
378
977
692
712
591
866
838
956
377
713
21
433
751
286
296
257
162
33
633
711
851
295
186
493
36
674
295
769
281
331
196
549
673
291
679
981
648
6
181
712
587
789
31
115
534
841
864
184
658
976
411
519
299
321
115
392
727
517
442
123
956
262
721
127
244
212
765
236
118
488
878
481
994
541
861
91
943
818
42
617
868
644
578
297
299
372
491
284
711
451
175
58
784
186
389
312
221
234
919
212
961
138
436
651
918
442
265
38
596
191
55
529
178
845
581
16
974
941
163
161
316
991
444
199
265
487
496
428
746
981
513
554
961
619
498
313
196
551
891
49
378
254
771
155
991
464
213
566
212
341
89
715
386
231
91
625
166
877
977
62
981
121
265
922
632
384
846
265
179
496
272
679
439
637
694
893
723
467
673
814
668
723
372
344
279
842
846
867
522
398
411
965
111
413
349
889
259
772
416
3
734
491
837
936
195
294
973
357
819
895
545
539
762
58
257
148
872
73
331
911
631
417
14
99
296
663
286
989
896
911
244
729
243
321
912
282
328
516
395
359
697
869
818
533
678
149
131
929
554
751
59
193
55
632
644
631
775
817
998
711
361
768
564
349
615
355
676
631
784
885
391
919
853
587
831
511
368
627
516
195
231
283
433
616
628
66
812
931
759
825
811
498
237
137
714
469
235
536
256
349
777
371
26
257
757
327
369
111
549
949
83
154
326
652
747
492
442
74
626
569
488
781
395
744
874
641
181
411
61
389
631
259
785
227
14
797
915
443
575
985
713
412
638
719
775
419
186
651
861
335
896
324
214
821
878
796
387
727
593
159
527
13
683
633
552
51
713
167
818
368
987
698
77
111
131
515
32
726
824
331
511
859
33
173
217
165
734
957
657
679
718
461
597
87
181
211
87
766
85
198
994
613
536
777
686
987
646
832
65
289
627
234
282
984
99
299
753
114
838
481
331
611
464
724
746
871
785
138
667
623
791
922
5
767
544
713
318
833
417
721
358
416
452
521
335
374
795
87
151
47
458
574
821
427
883
75
965
196
48
82
831
211
95
577
411
498
722
911
489
238
812
896
912
951
45
799
92
24
465
125
718
421
251
398
311
922
164
338
763
479
411
116
386
419
918
612
753
552
172
785
538
628
343
787
242
375
44
131
244
255
91
214
785
766
263
66
719
677
638
45
163
719
219
782
415
482
784
641
654
751
388
669
533
258
659
524
378
711
977
34
745
716
297
319
712
711
934
644
781
111
776
428
714
458
664
71
224
983
918
538
718
998
253
854
313
213
554
942
869
566
264
477
816
387
349
668
831
912
93
154
963
471
192
422
441
873
891
428
449
815
145
344
536
273
41
587
488
413
959
578
775
128
213
881
943
571
151
651
548
171
959
567
515
832
637
666
943
679
893
754
947
167
939
311
775
633
418
68
429
568
949
673
676
161
24
122
877
915
248
872
251
322
142
811
412
99
5
513
297
182
567
399
853
619
418
894
76
214
439
449
276
277
735
171
664
9
788
529
636
351
828
138
349
293
643
762
455
4
331
979
113
262
699
171
567
35
337
752
118
232
551
836
932
924
674
717
349
593
488
883
514
196
717
461
268
86
854
256
172
115
786
841
481
381
964
323
756
622
94
747
555
977
588
289
67
733
259
663
856
412
993
419
28
62
383
51
448
783
557
76
866
792
691
541
59
576
932
571
351
911
727
943
114
821
781
819
117
758
127
61
826
545
68
825
24
895
934
325
347
542
924
963
613
281
497
233
989
465
58
76
549
763
915
618
512
213
744
391
282
878
53
668
414
645
365
242
571
969
121
915
437
613
519
617
221
615
814
776
934
242
693
458
813
367
977
214
448
678
491
924
531
811
955
944
292
948
428
264
15
888
329
611
217
281
296
653
314
668
347
731
74
681
75
787
871
239
872
434
698
822
416
291
593
64
891
49
648
265
692
938
967
582
592
471
159
968
611
711
251
139
5
361
113
131
333
587
717
226
211
146
15
328
312
312
968
32
57
851
185
986
481
764
314
311
579
712
815
139
165
299
161
558
796
632
233
521
488
835
611
511
216
431
174
957
359
769
919
897
793
917
121
79
12
697
168
662
613
767
718
342
118
953
942
281
879
217
191
359
452
961
78
562
768
571
969
548
128
391
476
681
579
521
191
91
391
142
967
551
614
271
389
217
974
121
254
494
554
488
215
732
25
847
911
243
418
54
219
19
581
863
433
232
34
635
642
146
613
959
375
218
216
62
424
439
642
212
527
219
261
522
68
311
911
831
161
699
291
571
717
364
69
821
351
227
919
941
244
947
568
462
332
239
612
181
397
823
419
591
952
267
581
99
21
319
661
711
156
416
221
11
334
658
337
856
554
172
135
816
276
773
33
416
43
513
716
874
913
221
993
573
489
338
234
711
861
575
781
699
481
219
639
473
914
53
518
511
136
411
724
346
534
484
678
41
977
266
3
587
556
575
443
431
862
919
85
514
896
497
622
523
991
218
633
256
329
778
136
281
954
72
869
321
332
517
61
8
871
56
656
971
986
914
238
384
562
336
136
427
945
51
441
321
811
915
927
862
465
141
116
619
631
179
892
227
497
887
633
443
727
766
464
881
835
314
241
612
843
743
529
32
343